
y <- list( c(15,2,-2,21,-12,6,-5), 
           c(16,46,4,36,16,25,24,1,1,4), 
           c(35,27,22,16,17,32,43,13),
           c(32,33,58,31,53,27,36,51,34) )

